4294967278,318
4294967279,538
4294967279,260
4294967279,543
4294967278,394
4294967279,317
4294967279,336
4294967279,56
4294967279,55
4294967279,52
4294967279,0
4294967279,88
4294967279,40
4294967278,425
142,116
142,115
142,114
142,113
142,112
142,111
142,110
142,109
4294967279,54
4294967278,314
135,9
135,0
4294967279,165
135,8
4294967279,162
4294967278,384
4294967279,335
4294967278,155
4294967279,155
4294967278,154
4294967279,154
4294967279,153
142,108
142,107
140,10
140,0
140,9
4294967278,151
4294967279,151
4294967278,150
4294967279,150
4294967279,149
4294967278,148
4294967279,148
142,106
142,105
142,104
142,103
142,102
142,101
4294967278,147
142,100
4294967279,147
136,34
136,0
4294967279,146
4294967279,145
4294967278,144
141,64
141,0
4294967279,144
4294967278,143
4294967279,143
4294967278,307
4294967279,290
4294967279,141
89,4
142,99
4294967279,135
4294967278,290
139,13
139,0
4294967278,285
112,2
140,8
140,7
141,38
141,37
141,36
141,35
139,12
139,11
139,10
139,9
139,8
139,7
142,98
142,97
137,77
137,76
137,75
137,74
137,73
137,72
4294967279,261
141,34
4294967278,265
4294967279,259
141,33
4294967278,286
4294967279,258
4294967278,263
4294967279,257
4294967278,262
4294967278,400
141,32
41,6
4294967278,258
94,2
4294967279,303
4294967279,302
4294967279,325
137,71
137,70
137,69
137,68
137,67
137,66
137,65
137,0
137,64
137,38
142,96
142,95
137,37
137,36
137,35
4294967278,248
137,34
137,33
137,32
137,31
137,30
137,29
137,28
137,27
137,26
137,25
137,24
137,23
137,22
137,21
137,20
137,19
137,18
137,17
137,16
137,15
137,14
137,13
137,12
4294967278,242
142,94
4294967278,238
136,33
4294967279,237
4294967279,236
136,32
142,93
142,0
4294967279,230
142,92
142,91
4294967278,228
142,90
136,31
136,30
142,89
142,88
142,87
4294967279,226
142,86
142,85
142,84
142,83
142,82
4294967279,218
136,29
4294967278,402
4294967278,12
4294967278,11
4294967278,10
4294967278,9
4294967278,8
4294967278,7
4294967278,6
4294967278,5
4294967278,4
4294967279,132
4294967279,131
4294967279,130
4294967279,129
4294967279,128
4294967279,127
4294967279,126
4294967279,125
4294967279,124
4294967279,123
4294967279,122
4294967279,121
4294967279,120
4294967279,119
4294967279,118
4294967279,117
4294967279,116
4294967279,115
4294967279,114
4294967279,113
4294967279,112
4294967279,111
4294967279,110
4294967279,109
4294967279,108
4294967279,107
4294967279,106
4294967279,105
4294967279,104
4294967279,103
4294967279,102
4294967279,101
4294967279,100
4294967279,99
4294967279,98
4294967279,97
4294967279,96
4294967279,95
4294967279,94
4294967279,93
4294967279,92
4294967279,91
4294967279,90
4294967279,89
4294967279,87
4294967279,86
4294967279,85
4294967279,83
4294967279,74
4294967279,73
4294967279,72
4294967279,71
4294967279,70
4294967279,69
4294967279,68
4294967279,67
4294967279,66
4294967279,65
4294967279,64
4294967279,63
4294967279,62
4294967279,61
4294967279,60
4294967279,59
4294967279,58
142,81
142,80
142,79
4294967278,214
4294967279,274
4294967278,213
142,78
135,7
15,9
141,31
141,30
141,29
141,28
141,27
141,26
141,25
4294967278,209
142,77
142,76
4294967278,206
142,75
142,74
4294967279,207
142,73
4294967278,205
142,72
142,71
4294967279,206
142,70
142,69
4294967278,204
142,68
4294967279,205
142,67
142,66
142,65
142,64
142,38
4294967278,202
4294967279,203
102,4
4294967279,202
142,37
142,36
8,4
142,35
142,34
4294967279,368
4294967279,84
4294967278,381
4294967279,82
4294967279,81
4294967279,571
4294967279,80
4294967279,79
4294967294,1422
95,11
80,6
142,33
142,32
4294967278,191
4294967279,78
4294967279,77
4294967279,76
4294967279,75
4294967279,367
4294967279,366
4294967279,365
94,64
94,65
94,66
94,67
94,68
94,36
94,81
94,82
94,32
4294967279,364
94,27
94,18
94,35
94,72
94,76
94,19
94,79
4294967279,363
94,73
94,74
94,30
94,78
94,9
94,8
94,10
4294967279,362
94,6
142,31
142,30
142,29
142,28
142,27
142,26
142,25
142,24
4,78
4,75
4,35
4,34
4,32
4,67
4,13
4,72
4,65
4,64
4,19
4,33
4,28
4,27
4,26
4,12
4,17
4,36
4,18
4,14
142,23
142,22
142,21
4294967278,185
142,20
142,19
142,18
142,17
142,16
136,28
142,15
142,14
141,24
141,23
141,22
141,21
141,20
141,19
4294967279,179
141,18
141,17
141,16
141,15
141,14
141,13
141,12
141,11
141,10
141,9
141,8
4294967279,565
141,7
4294967294,1442
136,27
136,26
136,25
136,24
136,23
136,22
136,21
136,20
136,19
136,18
136,17
136,16
136,15
136,14
136,13
136,12
136,11
136,10
4294967278,393
107,2
136,9
3,32
3,31
3,30
3,29
3,28
3,27
3,26
3,25
3,24
3,23
3,22
3,21
3,19
3,18
3,17
3,16
3,20
3,33
112,6
112,5
4294967279,164
112,4
4294967278,146
4294967279,142
3,15
136,8
136,7
4294967279,136
3,5
142,13
142,12
142,11
142,10
142,9
142,8
142,7
137,11
137,10
137,9
137,8
4294967279,286
137,7
4294967279,270
146,30
146,0
146,29
146,28
146,27
146,26
146,25
146,24
146,23
146,22
146,21
146,20
146,19
146,18
146,17
146,16
146,15
146,14
146,13
146,12
146,11
146,10
146,9
146,8
146,7
3,14
4294967278,283
4294967279,283
4294967278,288
146,6
146,5
4294967279,262
146,4
146,3
146,2
146,1
4294967294,89
4294967279,556
4,0
4,37
4294967279,301
4294967278,299
145,6
145,5
145,4
145,3
145,2
145,1
4294967279,298
4294967294,1424
4294967294,107
4294967279,252
4294967278,254
4294967279,251
144,6
4294967278,253
144,5
4294967279,250
144,4
4294967278,250
144,3
144,2
144,1
4294967294,45
4294967294,1417
4294967294,44
4294967294,923
4294967294,480
4294967294,1438
4294967294,952
4294967294,951
4294967294,28
4294967294,91
4294967294,90
4294967294,87
4294967294,86
4294967294,85
4294967278,246
143,6
4294967279,244
143,5
143,4
143,3
143,2
143,1
4294967279,361
4294967278,234
142,6
142,5
142,4
4294967279,232
142,3
142,2
142,1
4294967279,228
4294967279,360
4294967279,229
4294967279,227
4294967279,224
4294967278,222
141,6
141,5
141,4
141,3
141,2
141,1
4294967279,359
4294967294,1449
4294967294,387
4294967294,46
4294967279,214
4294967278,212
140,6
140,5
140,4
4294967279,212
140,3
140,2
140,1
4294967279,210
4294967279,521
4294967278,336
4294967279,358
4294967279,573
139,6
139,5
139,4
139,3
139,2
139,1
4294967279,357
4294967294,478
4294967278,201
4294967278,200
138,6
138,5
4294967278,199
138,4
138,3
138,2
138,1
4294967278,198
4294967279,516
4294967278,328
4294967279,324
4294967294,1457
137,6
137,5
137,4
137,3
137,2
137,1
4294967279,547
4294967278,190
4294967278,188
136,6
136,5
136,4
136,3
136,2
136,1
4294967278,186
4294967279,513
4294967279,512
4294967294,1454
4294967294,53
4294967294,477
4294967294,84
4294967294,1453
135,6
135,5
135,4
135,3
135,2
135,1
4294967294,2
4294967294,0
0,7
4294967294,96
4294967294,94
4294967279,180
4294967278,361
4294967294,9
4294967294,8
4294967294,93
4294967294,95
111,89
109,0
4294967278,177
4294967279,544
4294967278,176
4294967279,177
113,39
113,0
4294967278,173
4294967278,172
108,117
108,0
106,11
4294967294,975
106,13
3,11
110,28
110,27
110,24
110,23
110,22
110,21
110,20
110,19
110,18
4294967278,165
49,6
110,13
110,12
110,11
110,10
110,9
110,8
110,7
111,4
106,9
4294967279,536
4294967278,312
110,6
110,5
110,36
110,2
110,4
4294967294,1458
109,5
4294967278,132
4294967278,131
4294967278,125
4294967278,123
4294967278,122
4294967278,121
4294967278,119
4294967278,118
4294967278,117
4294967278,116
4294967278,115
4294967278,113
4294967278,112
4294967278,111
4294967278,110
4294967278,109
4294967278,107
4294967278,106
4294967278,105
4294967278,104
4294967278,103
4294967278,102
4294967278,101
4294967278,100
4294967278,99
4294967278,98
4294967278,97
4294967278,96
4294967278,95
4294967278,94
4294967278,93
4294967278,92
4294967278,91
4294967278,90
4294967278,89
4294967278,87
4294967278,86
4294967278,85
4294967278,84
4294967278,83
4294967278,82
4294967278,81
4294967278,80
4294967278,79
4294967278,78
4294967278,77
4294967278,76
